17510848
118031700
96198946
93666778
11674720
8950990
3279220
284817458
13569320
38168760
270945970
197915619
260167740
212189469
42671030
87202397
275255165
4981880
441154173
195501603
50251074
465251081
115432704
176875986
908562
211851828
8488840
423072954
215174581
290026890
453122065
385342429
3002549
39822125
106788101
40983069
409602710
1210739
439138927
5677022
448479878
302228906
400435602
371776088
37376962
125089310
7103955
39314421
408661136
215175725
56991364
214760293
287739631
6616306
40367377
311072083
86323345
96150452
127594929
269738613
16721413
1785220
42519110
268704084
27727520
451349801
71529421
28864780
428202308
250493788
134894060
322268679
307921738
45492967
274520159
456977701
256069692
45671013
453950841
2369302
430755873
449199961
53070069
364304224
20864578
437384678
155069390
407269119
126966820
25192652
421884908
